# unix_time, cycles_done, cur_path, paths_total, pending_total, pending_favs, map_size, unique_crashes, unique_hangs, max_depth, execs_per_sec
1714636455, 0, 0, 17, 17, 2, 0.23%, 0, 0, 1, 521.07
1714636461, 0, 4, 40, 40, 2, 0.44%, 0, 0, 2, 5268.78
1714636466, 0, 4, 49, 49, 2, 0.45%, 0, 0, 2, 5373.24
1714636471, 0, 6, 52, 51, 14, 0.45%, 0, 0, 2, 512.36
1714636476, 0, 6, 54, 53, 14, 0.45%, 0, 0, 2, 422.38
1714636486, 0, 6, 56, 55, 14, 0.45%, 0, 0, 2, 391.98
1714636491, 0, 6, 57, 56, 14, 0.45%, 0, 0, 2, 397.56
1714636522, 0, 6, 58, 57, 14, 0.45%, 0, 0, 2, 437.68
1714636695, 0, 6, 61, 60, 14, 0.45%, 0, 0, 2, 375.34
1714636817, 0, 6, 62, 61, 14, 0.45%, 0, 0, 2, 478.66
1714636852, 0, 18, 62, 60, 16, 0.45%, 0, 0, 2, 824.27
1714636862, 0, 19, 62, 59, 15, 0.45%, 0, 0, 2, 4930.19
1714636878, 0, 20, 62, 58, 14, 0.45%, 0, 0, 2, 5633.11
1714636883, 0, 21, 62, 57, 13, 0.45%, 0, 0, 2, 5333.29
1714636888, 0, 24, 62, 55, 11, 0.45%, 0, 0, 2, 5716.75
1714636898, 0, 26, 65, 57, 10, 0.45%, 0, 0, 3, 5312.20
1714636908, 0, 27, 65, 56, 9, 0.45%, 0, 0, 3, 5038.57
1714636924, 0, 35, 65, 55, 8, 0.45%, 0, 0, 3, 4898.77
1714636934, 0, 37, 65, 54, 7, 0.45%, 0, 0, 3, 4871.03
1714636944, 0, 38, 65, 53, 6, 0.45%, 0, 0, 3, 5183.00
1714636954, 0, 39, 65, 52, 5, 0.45%, 0, 0, 3, 4871.66
1714636964, 0, 46, 65, 51, 4, 0.45%, 0, 0, 3, 5027.49
1714636974, 0, 52, 66, 51, 3, 0.45%, 0, 0, 3, 847.27
1714636980, 0, 52, 67, 52, 3, 0.45%, 0, 0, 3, 340.14
1714637500, 0, 55, 68, 52, 2, 0.46%, 0, 0, 3, 381.06
1714637933, 0, 57, 69, 52, 2, 0.46%, 0, 0, 3, 391.10
1714637948, 0, 57, 70, 53, 2, 0.46%, 0, 0, 3, 375.57
1714637984, 0, 57, 71, 54, 2, 0.46%, 0, 0, 3, 484.64
1714638366, 0, 67, 71, 53, 1, 0.46%, 0, 0, 3, 403.43
1714638640, 0, 67, 72, 54, 1, 0.46%, 0, 0, 4, 287.12
1714638921, 1, 1, 72, 53, 0, 0.46%, 0, 0, 4, 3038.10
1714638941, 1, 3, 73, 53, 0, 0.46%, 0, 0, 4, 3164.25
1714638961, 1, 9, 74, 53, 0, 0.46%, 0, 0, 4, 3097.73
1714638977, 1, 9, 75, 54, 0, 0.46%, 0, 0, 4, 3082.82
1714638982, 1, 10, 75, 53, 0, 0.46%, 0, 0, 4, 3117.71
1714639002, 1, 12, 75, 52, 0, 0.46%, 0, 0, 4, 3138.34
1714639034, 1, 16, 76, 52, 0, 0.46%, 0, 0, 4, 112.38
