# unix_time, cycles_done, cur_path, paths_total, pending_total, pending_favs, map_size, unique_crashes, unique_hangs, max_depth, execs_per_sec
1714636455, 0, 0, 17, 17, 2, 0.23%, 0, 0, 1, 527.13
1714636461, 0, 4, 40, 40, 2, 0.44%, 0, 0, 2, 5249.85
1714636466, 0, 4, 47, 47, 2, 0.44%, 0, 0, 2, 5424.58
1714636471, 0, 6, 50, 49, 15, 0.45%, 0, 0, 2, 457.91
1714636476, 0, 6, 53, 52, 15, 0.45%, 0, 0, 2, 408.02
1714636486, 0, 6, 55, 54, 15, 0.45%, 0, 0, 2, 388.17
1714636491, 0, 6, 56, 55, 15, 0.45%, 0, 0, 2, 395.83
1714636517, 0, 6, 57, 56, 15, 0.45%, 0, 0, 2, 576.73
1714636696, 0, 6, 60, 59, 15, 0.45%, 0, 0, 2, 319.05
1714636813, 0, 6, 61, 60, 15, 0.45%, 0, 0, 2, 336.31
1714636854, 0, 18, 61, 59, 17, 0.45%, 0, 0, 2, 4697.52
1714636864, 0, 19, 61, 58, 16, 0.45%, 0, 0, 2, 4877.45
1714636874, 0, 20, 61, 57, 15, 0.45%, 0, 0, 2, 5789.49
1714636879, 0, 21, 61, 56, 14, 0.45%, 0, 0, 2, 5419.64
1714636884, 0, 22, 61, 55, 13, 0.45%, 0, 0, 2, 5408.07
1714636890, 0, 24, 61, 54, 12, 0.45%, 0, 0, 2, 5486.22
1714636900, 0, 30, 63, 55, 11, 0.45%, 0, 0, 3, 5344.59
1714636910, 0, 36, 64, 55, 10, 0.45%, 0, 0, 3, 5178.49
1714636920, 0, 37, 65, 55, 9, 0.45%, 0, 0, 3, 4858.97
1714636930, 0, 38, 65, 54, 8, 0.45%, 0, 0, 3, 4837.73
1714636940, 0, 39, 65, 53, 7, 0.45%, 0, 0, 3, 4811.59
1714636950, 0, 41, 65, 52, 6, 0.45%, 0, 0, 3, 4814.84
1714636961, 0, 45, 65, 51, 5, 0.45%, 0, 0, 3, 4993.93
1714636971, 0, 46, 65, 50, 5, 0.45%, 0, 0, 3, 4938.68
1714636981, 0, 48, 65, 49, 4, 0.45%, 0, 0, 3, 5943.09
1714636986, 0, 50, 66, 49, 4, 0.45%, 0, 0, 3, 558.20
1714637507, 0, 54, 67, 49, 3, 0.46%, 0, 0, 3, 545.54
1714637945, 0, 56, 68, 49, 3, 0.46%, 0, 0, 3, 384.36
1714637960, 0, 56, 69, 50, 3, 0.46%, 0, 0, 3, 370.76
1714637996, 0, 56, 70, 51, 3, 0.46%, 0, 0, 3, 479.49
1714638373, 0, 65, 70, 50, 2, 0.46%, 0, 0, 3, 3741.29
1714638378, 0, 65, 71, 51, 2, 0.46%, 0, 0, 4, 4355.36
1714638383, 0, 66, 72, 51, 1, 0.46%, 0, 0, 4, 686.56
1714638663, 0, 66, 73, 52, 1, 0.46%, 0, 0, 4, 323.62
1714638943, 1, 0, 73, 51, 0, 0.46%, 0, 0, 4, 2447.40
1714638969, 1, 3, 73, 50, 0, 0.46%, 0, 0, 4, 2997.64
1714638984, 1, 7, 73, 49, 0, 0.46%, 0, 0, 4, 3038.38
1714639005, 1, 10, 74, 49, 0, 0.46%, 0, 0, 4, 3173.65
1714639030, 1, 16, 75, 49, 0, 0.46%, 0, 0, 4, 77.37
