# unix_time, cycles_done, cur_path, paths_total, pending_total, pending_favs, map_size, unique_crashes, unique_hangs, max_depth, execs_per_sec
1714636455, 0, 0, 17, 17, 2, 0.23%, 0, 0, 1, 517.11
1714636461, 0, 4, 40, 40, 2, 0.44%, 0, 0, 2, 5274.74
1714636466, 0, 4, 50, 50, 2, 0.44%, 0, 0, 2, 5434.74
1714636471, 0, 6, 51, 50, 17, 0.45%, 0, 0, 2, 462.97
1714636476, 0, 6, 54, 53, 17, 0.45%, 0, 0, 2, 411.31
1714636486, 0, 6, 56, 55, 17, 0.45%, 0, 0, 2, 387.86
1714636491, 0, 6, 57, 56, 17, 0.45%, 0, 0, 2, 398.05
1714636517, 0, 6, 58, 57, 17, 0.45%, 0, 0, 2, 531.84
1714636694, 0, 6, 61, 60, 17, 0.45%, 0, 0, 2, 315.67
1714636817, 0, 6, 62, 61, 17, 0.45%, 0, 0, 2, 452.55
1714636852, 0, 18, 62, 59, 17, 0.45%, 0, 0, 2, 6098.02
1714636863, 0, 19, 62, 58, 16, 0.45%, 0, 0, 2, 4954.11
1714636873, 0, 20, 62, 57, 15, 0.45%, 0, 0, 2, 5028.43
1714636878, 0, 21, 62, 56, 14, 0.45%, 0, 0, 2, 5405.12
1714636883, 0, 22, 62, 55, 13, 0.45%, 0, 0, 2, 5082.21
1714636888, 0, 24, 63, 55, 12, 0.45%, 0, 0, 3, 5565.80
1714636898, 0, 27, 64, 55, 11, 0.45%, 0, 0, 3, 5288.38
1714636914, 0, 30, 65, 55, 10, 0.45%, 0, 0, 3, 5132.88
1714636919, 0, 37, 65, 54, 9, 0.45%, 0, 0, 3, 4995.53
1714636929, 0, 38, 65, 53, 8, 0.45%, 0, 0, 3, 4985.99
1714636939, 0, 39, 65, 52, 7, 0.45%, 0, 0, 3, 4970.59
1714636949, 0, 41, 65, 51, 6, 0.45%, 0, 0, 3, 5034.21
1714636965, 0, 43, 65, 50, 5, 0.45%, 0, 0, 3, 5233.35
1714636970, 0, 50, 65, 49, 4, 0.45%, 0, 0, 3, 5304.50
1714636975, 0, 50, 66, 50, 4, 0.45%, 0, 0, 3, 5670.25
1714636980, 0, 51, 66, 49, 3, 0.45%, 0, 0, 3, 214.04
1714636985, 0, 51, 67, 50, 3, 0.45%, 0, 0, 3, 184.02
1714637403, 0, 51, 68, 51, 3, 0.45%, 0, 0, 3, 622.64
1714637505, 0, 55, 69, 51, 2, 0.46%, 0, 0, 3, 402.81
1714637944, 0, 57, 69, 50, 2, 0.46%, 0, 0, 3, 472.04
1714637959, 0, 57, 70, 51, 2, 0.46%, 0, 0, 3, 375.08
1714637995, 0, 57, 71, 52, 2, 0.46%, 0, 0, 3, 488.97
1714638377, 0, 68, 71, 51, 1, 0.46%, 0, 0, 3, 408.95
1714638652, 0, 68, 72, 52, 1, 0.46%, 0, 0, 4, 337.91
1714638937, 1, 1, 72, 51, 0, 0.46%, 0, 0, 4, 3026.90
1714638952, 1, 1, 73, 52, 0, 0.46%, 0, 0, 4, 3286.74
1714638957, 1, 2, 73, 51, 0, 0.46%, 0, 0, 4, 3090.29
1714638973, 1, 3, 73, 50, 0, 0.46%, 0, 0, 4, 3175.25
1714638993, 1, 5, 73, 49, 0, 0.46%, 0, 0, 4, 354.18
1714639501, 1, 5, 74, 50, 0, 0.46%, 0, 0, 4, 411.15
1714639619, 1, 10, 75, 50, 0, 0.46%, 0, 0, 4, 3251.16
1714639639, 1, 11, 75, 49, 0, 0.46%, 0, 0, 4, 3130.54
1714639659, 1, 13, 76, 49, 0, 0.46%, 0, 0, 4, 108.25
