# unix_time, cycles_done, cur_path, paths_total, pending_total, pending_favs, map_size, unique_crashes, unique_hangs, max_depth, execs_per_sec
1714636455, 0, 0, 17, 17, 2, 0.23%, 0, 0, 1, 523.08
1714636460, 0, 6, 38, 38, 2, 0.44%, 0, 0, 2, 436.69
1714636466, 0, 6, 40, 40, 2, 0.44%, 0, 0, 2, 396.59
1714636471, 0, 6, 42, 42, 2, 0.45%, 0, 0, 2, 436.84
1714636476, 0, 6, 45, 45, 2, 0.45%, 0, 0, 2, 422.65
1714636507, 0, 6, 46, 46, 2, 0.45%, 0, 0, 2, 483.80
1714636680, 0, 6, 49, 49, 2, 0.45%, 0, 0, 2, 315.45
1714636695, 0, 6, 50, 50, 2, 0.45%, 0, 0, 2, 355.31
1714636802, 0, 6, 51, 51, 2, 0.45%, 0, 0, 2, 442.09
1714636807, 0, 6, 53, 53, 2, 0.45%, 0, 0, 2, 504.98
1714636827, 0, 7, 55, 54, 15, 0.45%, 0, 0, 2, 4604.25
1714636838, 0, 7, 61, 60, 15, 0.45%, 0, 0, 2, 5424.00
1714636843, 0, 18, 61, 59, 17, 0.45%, 0, 0, 2, 178.55
1714637236, 0, 19, 61, 58, 16, 0.45%, 0, 0, 2, 400.91
1714637628, 0, 22, 61, 57, 15, 0.45%, 0, 0, 2, 3835.48
1714637633, 0, 29, 61, 56, 14, 0.45%, 0, 0, 2, 415.80
1714637638, 0, 29, 62, 57, 14, 0.45%, 0, 0, 3, 363.12
1714638050, 0, 36, 62, 56, 13, 0.45%, 0, 0, 3, 671.62
1714638055, 0, 36, 63, 57, 13, 0.45%, 0, 0, 3, 291.11
1714638060, 0, 36, 65, 59, 13, 0.45%, 0, 0, 3, 296.06
1714638630, 0, 41, 66, 59, 14, 0.46%, 0, 0, 3, 270.12
1714639190, 0, 45, 67, 59, 14, 0.46%, 0, 0, 3, 423.64
1714639210, 0, 45, 68, 60, 14, 0.46%, 0, 0, 3, 298.79
1714639261, 0, 45, 69, 61, 14, 0.46%, 0, 0, 3, 290.33
1714639760, 0, 49, 69, 60, 13, 0.46%, 0, 0, 3, 3502.49
1714639821, 0, 52, 69, 59, 12, 0.46%, 0, 0, 3, 3036.82
1714639841, 0, 53, 70, 59, 11, 0.46%, 0, 0, 3, 3196.12
1714639856, 0, 54, 70, 58, 10, 0.46%, 0, 0, 3, 3256.13
1714639877, 0, 55, 71, 58, 9, 0.46%, 0, 0, 3, 3563.43
1714639892, 0, 56, 71, 57, 8, 0.46%, 0, 0, 3, 4047.22
1714639902, 0, 57, 72, 57, 7, 0.46%, 0, 0, 3, 3999.64
1714639912, 0, 58, 72, 56, 6, 0.46%, 0, 0, 3, 4048.32
1714639927, 0, 59, 72, 55, 5, 0.46%, 0, 0, 3, 3999.90
1714639943, 0, 60, 72, 54, 4, 0.46%, 0, 0, 3, 3882.42
1714639958, 0, 64, 72, 53, 3, 0.46%, 0, 0, 3, 287.24
