# unix_time, cycles_done, cur_path, paths_total, pending_total, pending_favs, map_size, unique_crashes, unique_hangs, max_depth, execs_per_sec
1714636455, 0, 0, 17, 17, 2, 0.23%, 0, 0, 1, 527.13
1714636461, 0, 3, 41, 41, 2, 0.44%, 0, 0, 2, 5181.63
1714636466, 0, 3, 49, 49, 2, 0.44%, 0, 0, 2, 5496.08
1714636471, 0, 6, 50, 49, 14, 0.44%, 0, 0, 2, 456.68
1714636476, 0, 6, 53, 52, 14, 0.45%, 0, 0, 2, 409.45
1714636486, 0, 6, 55, 54, 14, 0.45%, 0, 0, 2, 389.22
1714636491, 0, 6, 56, 55, 14, 0.45%, 0, 0, 2, 397.27
1714636517, 0, 6, 57, 56, 14, 0.45%, 0, 0, 2, 447.39
1714636695, 0, 6, 60, 59, 14, 0.45%, 0, 0, 2, 338.66
1714636853, 0, 14, 61, 59, 15, 0.45%, 0, 0, 2, 306.93
1714637265, 0, 14, 62, 60, 15, 0.45%, 0, 0, 2, 335.40
1714637326, 0, 14, 63, 61, 15, 0.46%, 0, 0, 2, 226.42
1714637448, 0, 14, 64, 62, 15, 0.46%, 0, 0, 2, 226.91
1714637591, 0, 18, 64, 61, 15, 0.46%, 0, 0, 2, 4771.80
1714637601, 0, 19, 64, 60, 14, 0.46%, 0, 0, 2, 5810.32
1714637611, 0, 23, 64, 58, 12, 0.46%, 0, 0, 2, 6614.45
1714637616, 0, 26, 65, 58, 11, 0.46%, 0, 0, 3, 6247.51
1714637626, 0, 27, 65, 57, 10, 0.46%, 0, 0, 3, 4572.00
1714637636, 0, 29, 66, 57, 9, 0.46%, 0, 0, 3, 4855.99
1714637647, 0, 32, 67, 57, 8, 0.46%, 0, 0, 3, 4457.69
1714637657, 0, 35, 68, 57, 8, 0.46%, 0, 0, 3, 4405.91
1714637672, 0, 38, 68, 56, 7, 0.46%, 0, 0, 3, 4304.90
1714637687, 0, 40, 68, 55, 6, 0.46%, 0, 0, 3, 4299.39
1714637698, 0, 50, 68, 54, 5, 0.46%, 0, 0, 3, 4213.00
1714637708, 0, 50, 69, 55, 5, 0.46%, 0, 0, 3, 261.40
1714638253, 0, 61, 69, 54, 4, 0.46%, 0, 0, 3, 304.65
1714638829, 0, 61, 70, 55, 4, 0.46%, 0, 0, 3, 318.70
1714639201, 0, 62, 71, 55, 3, 0.46%, 0, 0, 3, 506.99
1714639242, 0, 62, 72, 56, 3, 0.46%, 0, 0, 3, 205.47
1714639329, 0, 62, 73, 57, 3, 0.46%, 0, 0, 3, 218.22
1714639778, 0, 62, 75, 59, 3, 0.46%, 0, 0, 3, 201.94
